ifis_id,covs_train,lags_train,covs_test,lags_test,granger,bottom_width,elevation,mannings,dynamics,tf21,tf31,tf32,ss1,ss2,ss3,ss4,oe221,oe211,lat,lon,usgs_dist,usgs_lat,usgs_lon,slope
BEARCRK01,0.570947341158516,10,-0.0254311195704912,93,1,15,225.61,0.055,0.75,-48.7232500363977,-45.5310957594149,-43.0376420337245,-44.5857642392698,-40.7966003228125,-44.3236927857251,-44.8180624008998,-49.0854125673641,-43.0707632367654,42.0809,-91.809,1.19201549940742,42.0819409,-91.7946245,0.002
BEAVER01,0.58840664926477,3,0.423157684550993,2,1,7,307.89999,0.059999999,0.66,26.8306881287731,26.8331760405883,29.5088067978101,18.2224743588175,25.6443830301087,27.0854346684354,26.9908150934902,26.8320224338283,26.8349607307465,43.066578,-92.528143,1.67904631981113,43.0671956,-92.5487949,0.002
BEAVER02,0.482037928641357,2,0.382286638992778,2,1,7,317.07999,0.059999999,0.25,27.8051242623904,27.8644663199274,35.3217441207588,24.9062371555671,27.6206128102654,27.4406610184176,27.8688960169344,27.5890925361697,27.840622425322,43.098201,-92.5402,3.51759511460762,43.0671956,-92.5487949,0.003
BEAVER03,0.455975340442281,3,0.332861154512127,1,1,7,332.09,0.059999999,0.5,27.0174354959442,32.6445779588908,47.5840901584508,26.5471429222845,26.7088295711393,15.1211049391385,27.3419039358483,26.5239094078061,27.0985302248992,43.133878,-92.567574,7.47315340426492,43.0669176,-92.5754627,0.002
BEAVERCRK01,0.388593147687701,71,0.0160460026700567,29,0,10,298.48001,0.055,1,-57.7671702487276,-18.9890048233475,-77.1206492486615,-71.0127750573366,-126.35325490677,-103.165799578833,-247.301119949069,-31.3169384406872,-72.0007698209415,41.995981,-94.125602,4.49573471136391,42.03192606,-94.1505154,0.001
BEVRCRK01,0.401326429659273,10,0.00835471818951742,15,1,10,295.73999,0.055,0.7,40.7651732037532,40.574661990822,19.4937858149234,5.80679127190877,0.727266459964249,18.73332463515,10.2767334492503,17.5386444004524,18.3460479507769,42.3609,-93.1395,1.88686022186835,42.3463333,-93.1277222,0.002
BEVRCRK02,0.25484018495343,6,0.044144894799729,9,1,7,333.39999,0.059999999,0,-18.6358916831581,-4.47892110726471,15.2420270971659,-45.031591345664,-35.5461378892088,1.10339351107315,2.86488569081977,-17.7934871277495,-19.3837241740935,42.4553,-93.2233,8.5145384786562,42.522202,-93.2738146,0.002
BFFLOCR01,0.447706343061833,5,0.357372763413933,4,1,10,216.06,0.055,1,-7.11610412641137,-6.04212744165704,-31.3137843330197,-22.9566701712956,-27.5757539066849,-20.347256983359,-20.7700835399282,-8.76748390443052,-8.52511777039931,41.7123,-91.6995,3.44229862588445,41.7183455,-91.7401737,0.001
BFFLOCR02,0.328120278003759,4,0.268629085611757,2,1,7,224.72,0.059999999,0.75,-33.3213286759315,-33.3397278667496,-10.6931668292094,3.68708811024119,-25.0932762214749,-23.3454868566596,-18.2738343668653,-16.277800758651,-16.3061669533864,41.7232,-91.6666,5.43494760711932,41.69168128,-91.6165597,0.003
BIGCRK01,NaN,0,NaN,0,0,10,292.92001,0.055,0,NaN,NaN,NaN,NaN,NaN,NaN,NaN,NaN,NaN,41.863424,-93.759955,8.82684141445499,41.87188889,-93.8659444,0.002
BIGCRK03,0.0749048492714809,1,NaN,0,0,10,298.69,0.055,0,NaN,NaN,NaN,NaN,NaN,NaN,NaN,NaN,NaN,41.906935,-93.757728,9.14652315586711,41.96498616,-93.6793872,0.001
BIGCRK04,-0.0141813402014615,100,NaN,0,0,10,310.81,0.055,0,NaN,NaN,NaN,NaN,NaN,NaN,NaN,NaN,NaN,41.950384,-93.759062,6.7853500935378,41.96498616,-93.6793872,0.001
BIGCRK05,-0.0272177253683977,0,NaN,0,0,5,321.79001,0.059999999,0,NaN,NaN,NaN,NaN,NaN,NaN,NaN,NaN,NaN,41.965091,-93.770412,7.46137090588196,41.97575,-93.6813056,0.005
BIGCRK06,-0.0335023888060496,100,NaN,0,0,10,320.56,0.055,0,NaN,NaN,NaN,NaN,NaN,NaN,NaN,NaN,NaN,41.988007,-93.795542,7.10508285774956,42.0349833,-93.8538376,0.002
BIGCRK07,0.132027313130223,2,NaN,0,0,5,329.51001,0.059999999,0,NaN,NaN,NaN,NaN,NaN,NaN,NaN,NaN,NaN,42.008386,-93.819569,4.09390452033733,42.0349833,-93.8538376,0.002
BIGCRK3T02,0.0900685678629025,1,NaN,0,0,5,316.01999,0.059999999,0,NaN,NaN,NaN,NaN,NaN,NaN,NaN,NaN,NaN,41.921647,-93.740467,6.98168494696875,41.96498616,-93.6793872,0.003
BLCKHWK01,0.3495970156031,0,0.0238813837556213,0,1,10,170.66,0.055,0,1.90143709087758,1.65677052655948,1.31025380349522,1.26260328078703,0.710808351557102,0.404669501534616,0.427003664640757,0.698160205690079,0.839265303617664,41.502715,-90.624221,0.539347859210179,41.50531008,-90.6187492,0.002
BLUECR01,0.0344956156941224,97,-0.210951223675151,75,0,15,233.2,0.055,0.25,1.30800778816684,14.1494552761705,15.5653221610808,4.36400534892188,0.0220412831312022,1.30143280834911,0.283346153535757,10.6486665897424,17.773959801397,42.202583,-91.824506,1.6199183266522,42.19471545,-91.8079552,0.002
BNNTTCR01,0.632704810855486,3,0.0857306992242338,4,0,5,269.45999,0.059999999,0,-18.9960479165066,-18.9193328784439,-21.2037322401503,-30.664514093053,-32.3044923374429,-25.3535785786155,-18.638005142962,-18.7973141766356,-18.9295503866486,41.9529,-92.6492,0.0149550734175641,41.95283889,-92.6493611,0.007
BOYERRV01,0.954548274879703,0,0.846696048942282,0,1,20,304.73001,0.050000001,0,45.4603382154155,10.6790168304668,46.6906795243661,-66.8646246845122,44.4839784262118,43.2126479529021,44.5840459307602,42.7927214726116,45.9163740264892,41.573223,-95.845234,7.05045370699498,41.52332618,-95.8975106,0.001
BOYERRV02,0.774254502940605,0,0.759669598666876,0,0,20,323.37,0.050000001,0.4,20.2133151519411,15.0069131979548,19.325845163756,29.4169623967665,-1522.01199226521,27.352589956329,25.4250647177405,7.07557033830696,20.8188018832209,41.810751,-95.640281,0.00785051430466137,41.81082159,-95.6402827,0
BRCHFLD01,0.0612978108826834,2,0.0842135273707946,1,1,7,322.79999,0.059999999,0.8,-174.070481838006,-305.501934796781,-837.939523911306,-28.8495971867699,-34.399616956638,-109.770532571092,-605.248239024987,-748.16899453601,-751.067276389398,41.7393,-94.395211,6.12887616752136,41.687209,-94.3710773,0.002
BRCKCMP01,0.725176687622907,1,0.285811745870943,2,1,7,307.57001,0.059999999,0.2,12.4658870042234,12.4732233596642,20.778971768662,11.0097955819779,10.6768261465577,-0.430013194369661,12.3861904939012,12.4646538261462,10.6654271352343,43.133352,-91.889389,9.59158743230136,43.20727778,-91.9503333,0.006
BRSHYCR01,0.0893399196230844,0,0.36552735032313,0,0,15,366.26999,0.055,0.8,-42.5691294877781,2.57987525650687,-159.471453665834,-29.1773341204184,-179.837268905577,-741.328019786055,-510.414896014054,-129.660522864969,-148.155546240386,41.87696,-94.769562,2.65196706128669,41.894986,-94.7905384,0.001
BVRCR01,0.469759927592813,13,0.411348915555403,16,0,20,276.67999,0.050000001,0.9,54.2269747456168,36.8996131641139,43.8492680779849,35.0264735541908,4.38519623115,33.4130666365543,33.870671160455,34.5718557507857,22.0426971970194,42.581216,-92.73164,6.4917194680614,42.5874793,-92.8104746,0.001
CAMPCR01,0.110980053291836,6,0.188888484087637,5,0,10,250.66,0.055,1,15.4444805546558,8.80376178614324,15.8457632579058,4.20581671071589,2.60468093286708,4.17440830649038,7.49755951219701,15.8272574676826,2.17986495359714,41.600519,-93.3653,5.76369265018498,41.6008505,-93.295985,0.001
CEDARRV02,0.90993771652164,0,0.925807962116847,0,0,30,216.38,0.050000001,0,67.4042082414696,66.9271458543926,67.6611446843291,13.4258748906967,64.3321181421487,65.6660598134775,67.3173719503455,67.6768245248538,67.7595957986519,42.01176,-91.704849,0.011415804086033,42.0116655,-91.704903,0
CEDARRV03,0.938606313385008,0,0.669743696796141,0,1,20,283.12,0.050000001,1,36.4000657053412,37.5890169258187,67.0030413140145,21.7139330118746,28.5744011275144,0.974585456411392,-27.9000697897743,34.7823483715861,35.1044474086212,42.84742,-92.52211,0.101210543255464,42.84764485,-92.520907,0.001
CEDARRV04,0.917774928360508,13,0.893121613122341,0,1,20,333.14999,0.050000001,0,29.3713347043699,28.8961911056385,30.4492033056018,20.3432157880747,29.1618284815352,36.0723992407592,31.05733937758,30.5595878649347,30.3977601379459,43.355409,-92.925178,1.99441426051896,43.37146716,-92.9361684,0
CEDARRV05,0.94619563329916,8,0.953579558599279,0,1,20,346.97,0.050000001,0.25,47.913900061587,47.7165955565735,47.5553316231648,37.1054704165777,40.8276530087733,47.2871619579024,48.6713806201821,48.2753550357943,48.2310868579349,43.499606,-93.001956,4.6326584575958,43.4666313,-92.9668607,0
CHQSTCR01,0.143240766241914,0,0.1595697644847,0,0,15,189.85001,0.055,1,-3.79858999630183,3.88839718180969,-11.8740507277887,1.00297998405044,-12.8144544207859,0.852466945146191,-14.3770405105137,4.1137447037195,4.15651088117512,40.772143,-92.092274,6.53268163047771,40.76141499,-92.0160078,0
CHQSTCR02,0.300724901166007,0,0.110365764102015,50,0,10,204.00999,0.055,1,2.13690839278174,14.0889545332637,11.2781343761449,-0.331954349421681,-2.49109936361098,-124.234950488902,-32.477801842955,1.41656526002066,-4.59223016615982,40.804359,-92.2077,2.70702471319577,40.7880783,-92.183791,0
CHSLSCR01,0.554584542264545,2,0.686021646800371,1,1,7,360.82999,0.059999999,1,13.5758855600586,13.5794687246938,17.3862640660969,8.64643938027773,12.6347267913369,17.0491847909397,19.0549328072502,13.5786013604168,13.7151278559521,43.133826,-93.226035,2.35466004770836,43.1527391,-93.2129814,0
CLEARCR01,-0.135182604572661,100,NaN,0,0,5,298.41,0.059999999,0,NaN,NaN,NaN,NaN,NaN,NaN,NaN,NaN,NaN,42.038027,-93.698624,5.86850169276443,42.02304157,-93.6304962,0.004
CLRCRK01,0.964771804630642,0,0.928958723943809,0,1,10,216.00999,0.055,1,52.9952264701833,54.439331743509,53.6835800867392,47.7007360030392,-10.0665206987662,49.7871899132388,-160.806369266067,53.0762048481143,43.9170087399986,41.718254,-91.740208,0.0105651173143274,41.7183455,-91.7401737,0.001
CLRCRK02,0.126891562144633,4,NaN,0,0,10,217.92,0.055,0,NaN,NaN,NaN,NaN,NaN,NaN,NaN,NaN,NaN,41.714222,-91.77911,0.0553451670700192,41.7139004,-91.7796189,0.001
CLRCRK03,0.288642390150691,4,0.247203005561666,5,0,10,234.67999,0.055,0,20.7582851428489,9.24091197796862,22.3343578156736,26.8345724797382,23.1942702438341,22.8908621949882,23.9994855433082,20.779405827173,24.2483952581489,41.730501,-91.907046,5.97585161649236,41.68778619,-91.9507331,0.003
CLRCRKS01,0.32079395422164,6,0.377362949704891,3,1,10,225.56,0.055,1,36.0536476007912,32.0440538857917,44.2785483423721,43.1357624906377,6.89259793241459,39.3355019354538,38.8197766992201,34.7232307889954,40.9089598766914,41.701175,-91.857469,6.61563908679463,41.7139004,-91.7796189,0.004
CLRCRKS02,0.0451677343334404,27,NaN,0,0,5,235.50999,0.059999999,0,NaN,NaN,NaN,NaN,NaN,NaN,NaN,NaN,NaN,41.6865,-91.9113,3.2776059183778,41.68778619,-91.9507331,0.002
CLRCRKW01,0.419772133574281,3,0.184782028316218,5,1,7,230.10001,0.059999999,1,23.6613217947339,24.0283289052706,24.01336419744,6.04597294359888,7.53508918454646,14.0481997405751,14.3278192614981,23.9516933890379,19.4454972455779,41.7166,-91.8907,5.92492662167354,41.68778619,-91.9507331,0.017999999
COONCR01,0.339117546666351,9,0.129887282230282,0,1,10,268.23999,0.055,0.75,36.310093502015,34.8754127044422,30.5282778070453,13.7890265369188,11.1876031362152,32.3641938596544,-8.69203212970986,33.0332264356126,27.758294094217,42.191457,-92.455621,1.12728574832844,42.1985173,-92.465441,0
CRANECR01,0.703953202918068,2,-0.441916700403753,100,0,15,304.16,0.055,0.33,-20.1957389986746,-17.0775588068107,-1.73442806654776,-20.7686666771361,-47.5573336476426,-72.6674528658959,-26.9191282520774,-20.3567760736607,-20.0595190496036,43.0015,-91.9691,1.43601092216173,43.00916667,-91.9548889,0
CRANECR02,0.62165590540551,18,0.700964742379017,4,1,10,350.54001,0.055,0.5,33.6274682122363,30.9782419069307,32.6924497282467,26.444235017028,29.8803942258859,33.9849371057111,33.8435930872499,33.482134131677,33.0951140232762,43.213628,-92.27727,4.714218227002,43.2491366,-92.3090624,0
CTFSHCR01,0.302415968041013,3,0.21274481584557,6,1,10,188.17999,0.055,1,8.2417702496307,22.9528806176763,25.4543743370052,8.44775271441186,8.90402711326336,8.90220398090006,8.58803136689257,8.21702093365642,8.3915002027401,42.467386,-90.682531,0.336710653666521,42.46778185,-90.6784612,0.003
DEEPCRK01,0.54919940446785,4,0.533777536210056,9,1,10,204.14,0.055,1,24.0394089358829,24.2892065269339,24.8086518212078,21.6531667770348,23.4311984784477,21.347990279948,20.823284072137,23.420526724678,23.3933408357716,41.9622,-90.4685,6.02937301975102,41.93197049,-90.5290235,0
DEERCR01,0.149320738981611,6,0.284428252339385,6,1,7,209.39999,0.059999999,1,-50.3265184339404,-66.1231599732735,-21.6925265586626,-45.4459168001375,-70.8220201739137,-66.6745216479842,-67.2250063622889,-63.7100038413809,-65.4437348063252,41.6807,-91.6373,2.11121716913883,41.69168128,-91.6165597,0.003
DRNGDTCH01,0.410378650532527,6,0.0832454706992383,3,1,10,291.10001,0.055,1,19.7937612955686,19.8677513921203,22.6057280206059,21.1969225448829,19.3942801168777,25.3469897944127,25.1325848712128,19.751528518496,26.7870744295571,42.577661,-92.847178,0.0110700659520569,42.5777569,-92.8471417,0.002
DRYCR01,0.515512264741918,11,0.0386609221087815,31,1,10,227.61,0.055,1,16.4014861253031,16.7791453142025,19.0836826059081,2.7235631431922,1.02326902730079,11.5306635791726,5.54683466201348,18.4523315192139,21.8596546419433,42.06214,-91.801492,1.55660010858171,42.06916346,-91.7851803,0.004
DRYCR02,0.652357580329783,6,0.0773554915828072,4,1,10,238.5,0.055,1,5.41542412527065,11.0987649516656,10.8596937449786,5.56122581593051,-0.981540454665253,3.97323134346701,5.19447018131849,5.57437965743504,5.66610178985588,42.0217,-91.8535,7.16612346180285,42.04944179,-91.7751808,0.002
DRYCRK01,0.136165537256187,5,NaN,0,1,5,264.60999,0.059999999,0.5,NaN,NaN,NaN,NaN,NaN,NaN,NaN,NaN,NaN,42.0477,-91.6665,2.45515342006197,42.03985968,-91.6387059,0.008
DRYCRK02,0.227106189017878,8,0.0696528482617398,2,0,10,258.76999,0.055,0,19.4158649533937,46.4569494091792,29.6582376974899,4.65428289529375,28.3426603615497,30.4162124888059,32.1514116825882,35.9328902383279,33.4334060795048,42.0947,-91.6381,2.87001843177706,42.11635736,-91.6191745,0.001
DRYRNCRK01,0.277291730404206,63,0.349277595841824,58,1,10,259.17999,0.055,0.5,32.0046150594248,33.4515860291152,33.7664208741615,5.07894134314597,22.8925885938976,25.0461012840263,18.1026492305507,32.0013436334361,22.8099422211205,42.525179,-92.441413,1.38804751262358,42.53756756,-92.4434929,0
DSMNSRV01,0.991464920308264,0,0.968997060716657,0,1,30,266.72,0.050000001,0,69.2953019114878,17.7623434056891,69.5084434403572,36.8278462982284,-565.195109357856,73.3244095659025,-803.057852758855,74.2585990626514,73.5098167700517,42.042768,-93.933207,3.83269718546839,42.07720356,-93.9352292,0
DSMNSRV02,0.180639664973825,0,0.0762035892441024,33,0,5,272.07001,0.059999999,0,-174.469741173526,-130.275886259293,-130.444433552983,0.51420445993986,-1156.49546870115,-43.5362808123245,-121.517842623746,-136.092521715563,-187.356115871457,42.12155,-93.967917,5.62040942919025,42.07720356,-93.9352292,0
DSMNSRV03,0.993397367065401,0,0.957324671143795,0,1,30,305.75,0.050000001,0,69.100245834761,67.4034575077396,71.6546729409823,54.9871446219681,-16959.6594525641,71.9171868424557,-110.403999546974,69.8884030672183,-1026.62615469842,42.543403,-94.216311,3.6368375506381,42.51194444,-94.2041667,0
DSMNSRV04,0.995883722895853,0,0.992989983983225,0,1,30,276.01001,0.050000001,0,78.5325170722465,78.8926580002131,80.6569341980408,-260.017155953895,82.1380568406654,-96.1051329116916,-102.794265105279,82.2978733854314,78.5741103109284,42.252349,-93.996459,0.0597906610770261,42.2519203,-93.9968975,0.002
DUCKCR01,0.808845014813935,0,0.794712762351763,0,1,10,188.67,0.055,0.6,15.9632260114264,0.208945287313589,5.07321958921146,-101.884334263535,17.3206646709456,18.3819750433022,18.1541567732567,17.4379973993155,18.1451709958073,41.549912,-90.551328,0.804436654542716,41.5511438,-90.5418022,0.002
EFDSMNS01,0.972872556881022,0,0.935636856762143,0,0,15,333.84,0.055,0,58.3488185894426,54.2538056425721,58.6552121529783,34.2889633089517,59.4316849858968,61.1609828765292,57.4667467359543,59.9058541506629,59.7613571778744,42.951322,-94.2335,5.16116323967173,42.9080248,-94.2106567,0
EINDNCR01,0.413979803742317,4,0.114265920470143,3,0,10,271.23001,0.055,0.66,29.82913701908,67.3933670463982,67.3774289973962,20.7973415867073,20.8220323614256,30.783347461852,-0.829119618806895,29.3153231598574,29.4480131130736,41.952123,-93.405982,0.010937976127269,41.95220997,-93.4060438,0.001
ELKRN01,0.665026135312196,10,0.471180153906896,0,1,10,261.22,0.055,0.5,-107.08488822315,-108.847393720038,-110.901136067184,5.79103444274409,21.2612347913335,-15.1983909185554,-39.1243139821402,-110.635688507911,-92.5151153460149,42.498051,-92.252549,1.64934406781958,42.48332108,-92.2501827,0.001
ENDWY01,0.775949510721976,0,0.157791527331124,0,1,15,296.16,0.055,0.5,-3.61896910191184,1.99253783328699,-1.92146799346948,1.29628328847778,-0.723630466130021,-0.910633431167973,0.762636160567576,-0.925343555253688,-0.872723206792414,40.727396,-94.979789,3.39441454524467,40.74327778,-95.0141944,0
ENGLSHRV01,-0.238553413558757,82,NaN,0,0,20,194.92,0.050000001,0,NaN,NaN,NaN,NaN,NaN,NaN,NaN,NaN,NaN,41.469606,-91.714477,0.0185994209335765,41.4697387,-91.7146129,0
ENISH01,0.985074208290898,0,0.752095670370309,0,0,20,292.53,0.050000001,0.25,29.4478048252933,4.94364001011154,32.8400674558792,27.4547281582574,-156.846152747952,19.6021533509409,29.7133804239885,19.5374738046483,29.4619767559396,40.785763,-95.384914,0.0289453409695084,40.7855528,-95.3847112,0.002
ENISH02,0.763779964438326,0,0.88723087016662,0,0,20,302.01001,0.050000001,0,42.3824381599454,23.5602455764794,52.0316023075851,13.3146119951833,32.1589094004763,31.6027788487709,30.4588657229533,28.528493445637,37.3764577790988,40.915696,-95.275368,8.72924396504054,40.95943996,-95.3616599,0
ENISH03,0.888571837667811,0,0.801805390741152,0,0,20,323.04999,0.050000001,0,42.5510998918457,-44.8807889757673,5.89055698049709,35.5299156192249,-36.3286927547951,42.7016060359983,26.4489332274176,40.8426736787009,42.2307580345018,41.145514,-95.176348,7.85924753223812,41.1016576,-95.102767,0
ENISH04,0.18395875471736,0,0.175835523641346,0,0,15,361.39001,0.055,0,-435.714939185351,-85.0713693507068,-74.060980865992,-97.537931989137,-93.6958973458741,-107.787097214127,-173.070590847745,-144.171003785253,-155.751762034653,41.5117,-94.9359,7.0848864241258,41.5044323,-94.8513717,0.003
FLOYDRV01,0.270190520597949,100,NaN,0,0,20,366.42999,0.050000001,0,NaN,NaN,NaN,NaN,NaN,NaN,NaN,NaN,NaN,42.80027,-96.174569,1.3458240644122,42.8005454,-96.1580776,0.001
FLOYDRV02,0.33680943202718,23,0.369193963604402,21,0,15,417.73999,0.055,1,-656.235739084106,-587.578580924823,-659.438886102077,-802.077547810139,-781.961821603553,-362.245336964389,-2544.09462227722,-720.846521168095,-721.820235788984,43.185438,-95.868443,3.17154692798379,43.1569236,-95.8675164,0.001
FOURMLE01,0.526328563034676,0,0.304127414648703,63,1,10,237.25999,0.055,1,18.477099688434,20.5548801468187,23.2704853811176,-4.51296494516831,-44.5955304812784,10.0906385849242,15.5238205773315,24.1378639276764,18.0923192518476,41.568344,-93.522422,1.92636916400019,41.5511008,-93.524659,0.002
FOURMLE02,0.905916549805657,0,0.919961892762998,0,0,10,253.00999,0.055,0,55.1449344868548,56.407527333419,63.2281625836789,48.5786080701204,-3634.15830127744,60.9322514017592,-670.490460141982,60.2694286589127,60.0216016438082,41.6584,-93.5457,0.402222337340106,41.66194444,-93.5466667,0
FOURMLE03,0.189552761957764,1,0.0219105308200846,9,1,7,278.31,0.059999999,0.75,34.8526467058937,48.1782527672878,36.3482482873742,2.79965543404425,6.8337606577407,6.66109675126142,5.676292565403,2.19087939512465,0.650441427280146,41.769758,-93.589724,4.25480872701695,41.7334722,-93.5734444,0.001
GENEVACR01,0.223001613647638,2,0.336432768279406,1,1,5,205.14,0.059999999,0.25,7.47578834311789,3.98476092807238,15.9743597532536,5.00661485484268,7.63927610349726,5.11826114525568,5.07135925410513,5.11462230024609,5.31397507629333,41.449146,-91.055379,2.82051967111032,41.4283619,-91.0359827,0.014
GLACIAL01,0.362004526323826,0,NaN,0,0,10,299.48999,0.055,0,NaN,NaN,NaN,NaN,NaN,NaN,NaN,NaN,NaN,42.192334,-93.776244,2.0476767343837,42.20942499,-93.7855002,0.001
GLBRTCR01,0.422183636339825,25,NaN,0,0,5,288.89999,0.059999999,0,NaN,NaN,NaN,NaN,NaN,NaN,NaN,NaN,NaN,42.096392,-93.659041,4.62038910510722,42.0665132,-93.6201343,0.006
GRANCRK01,0.256833405232425,3,0.23833681993279,0,1,15,295.72,0.055,0.66,46.3299170703984,46.6648896821009,48.9858365402494,15.3095836384037,15.2725242537826,19.0192511070123,18.7508998163933,18.1785485752231,18.2349953526458,42.585214,-92.918055,5.86490857848895,42.5777569,-92.8471417,0
GRNGRCR01,0.215996366834682,4,0.309378222404578,3,1,10,188.25999,0.055,0.8,15.9970209060918,13.8829493073835,26.447602596485,12.2452543737388,16.5035339288846,17.4206513851798,17.1114481877894,17.9998506069592,18.2211698813978,42.4549,-90.6595,2.1145015069865,42.46778185,-90.6784612,0.004
HOOSRCR01,0.526057408748117,5,0.288451839735378,7,1,10,218.08,0.055,1,-0.302977845601071,-0.0632581823232004,-0.0319253586920309,-5.80374894199609,-1.49252739792884,1.49694323629459,2.57867148944855,3.13559919129272,3.08984600153049,41.8715,-91.5882,3.56550479412449,41.8613962,-91.6290645,0.01
HRGVCR01,0.597575172024716,13,0.643103529173236,15,0,10,299.76999,0.055,0.5,27.6177939297551,27.5537054896206,25.6755590157151,45.0853727327476,54.3454310724277,40.3031832277273,47.5749291392088,26.8910850223299,26.9311392524025,42.756143,-93.025721,5.11734239778652,42.7416401,-93.0851985,0.001
INDCR01,0.369851123183717,2,0.0738493894955188,0,1,15,213.13,0.055,1,12.2995629567789,27.0517633117538,13.3576691192311,0.588184316062168,0.90294939630261,6.10763111606393,5.59936900522311,2.64605420347791,3.79751523631972,41.976434,-91.57812,1.07683269370839,41.96694667,-91.580733,0
INDCR02,0.370217904786869,1,NaN,0,1,15,223.19,0.055,1,NaN,NaN,NaN,NaN,NaN,NaN,NaN,NaN,NaN,41.994834,-91.617753,0.0194766959092097,41.9950003,-91.617679,0.001
INDCR03,0.28862731587342,1,NaN,0,0,15,236.3,0.055,0,NaN,NaN,NaN,NaN,NaN,NaN,NaN,NaN,NaN,42.03111,-91.611701,0.022666302545802,42.03094444,-91.6118611,0.001
INDCR04,0.260188960884059,10,0.086238269585227,3,1,10,246.71001,0.055,1,31.7352384356017,28.1547979346693,24.4079684470166,16.0405454610473,25.0075858853173,20.0812407461818,22.0248965287639,24.1598702614005,24.6941257063432,42.093797,-91.560844,4.45838217932708,42.0594706,-91.5887593,0
INDIAN01,0.0902833985609486,3,0.172998665027177,0,0,10,318.92999,0.055,0,-16.4567231864058,1.75484433672611,-178.299284891846,-54.1234364715532,-57.4916159834281,-64.3718302103195,-63.4370139385359,-73.3168837471062,-56.6693844082446,41.016893,-95.396478,1.992284480364,41.0305508,-95.3811066,0.003
INDIAN02,0.0229587834069629,6,0.176113573174785,0,0,10,325.89999,0.055,0,-67.5016670532693,-6.86845703564476,-41.2653663045575,0.0497882161039076,-0.532095022027756,0.019912766541863,-1.61864143564967,-234.983938102931,-68.5617460340425,41.044804,-95.366453,2.00558181219649,41.0305508,-95.3811066,0.001
IOWARV01,0.130708205769458,3,0.024254080554245,28,0,5,188.94,0.059999999,0.7,69.9979470113513,71.2883446140652,70.6085428860599,21.4474865226495,1.98693102055346,17.3074999145881,21.9572232708053,21.1341611531272,21.1373610659859,41.554742,-91.518943,2.36491865315453,41.54335216,-91.542943,0
IOWARV02,0.0857550573824441,100,NaN,0,0,20,262.12,0.050000001,0,NaN,NaN,NaN,NaN,NaN,NaN,NaN,NaN,NaN,42.066403,-92.907903,0.0668603081874249,42.06582096,-92.9076997,0
KEGCR01,0.34171496175056,0,0.421302325661962,4,0,15,307.98001,0.055,0.6,-205.722742898788,0.211651938332968,0.622253737641054,-353.736331177645,-440.898195709554,-490.699443246986,-659.750866705243,-399.109127632053,-293.684639913986,41.138551,-95.704489,1.93625041822679,41.13138749,-95.725562,0
LAKECR01,0.962787447696603,0,0.26150079441358,0,0,10,340.10001,0.055,0.5,0.711431694523101,22.7609120216306,3.0103704115323,-1.89338617190953,0.172204119327568,-0.540577801168363,-10.2160567535246,0.910013136990973,0.584907790774802,42.260551,-94.782407,0.0301720488437629,42.26081645,-94.782483,0.002
LIMECR01,0.151546426043723,91,0.562543540164337,0,0,10,240.46001,0.055,1,6.23392648919659,40.0944658380517,35.2087800199283,0.210651022896935,26.5360810472123,17.1273667331271,27.4545337115465,7.53620352016268,34.2203073218711,42.2974,-92.0177,1.57037429830334,42.30915827,-92.007123,0.002
LTLCEDAR01,0.972798939846221,3,0.993737775144172,0,1,15,290.01001,0.055,1,85.9093524898605,76.4832166087818,86.5096054369889,81.3760977829741,85.1426140222449,-18.5874572283644,85.218716923247,85.8794563832428,85.486972688043,42.957907,-92.518955,1.41347655820152,42.9555313,-92.5360178,0
LTLCEDAR02,0.717577425637557,12,0.848953043525965,7,1,15,328.92999,0.055,0.5,28.5579160148464,28.5646815142062,33.8087075884365,15.1146359077659,34.1139790479783,28.6733519059202,28.0298761854875,28.5685052360324,28.5935089162584,43.226619,-92.677493,3.21935784764044,43.19858365,-92.6874119,0.001
LTLSIOUX01,0.952096520567701,0,0.565257972552075,0,0,30,353.72,0.050000001,0,7.85626357746579,-11.2814349657425,-3.99525403669516,-0.27180708057597,-234.141093384282,18.1839040137765,-108.137253002072,7.99410468547316,8.59122137947841,42.74514,-95.551691,1.57095473915794,42.74998297,-95.533618,0
LTLSIOUX02,0.804173325735708,0,0.295303853237038,6,1,30,396.42001,0.050000001,0.66,-15.2613423946495,6.53827009963459,-15.3612724498295,-13.180952690346,-241.822154536178,-11.0127496180694,-12.8668489945026,-15.5433792586596,-16.1393110473736,43.136752,-95.144196,0.0266785428041898,43.13691346,-95.1444392,0
LTLSIOUX03,0.160027222958596,13,0.613642989767631,0,1,20,402.20999,0.050000001,0,4.51616757684247,6.5955689365773,1.1314477163454,8.29923631701897,12.6514244562821,5.96402734519218,31.2556636921511,30.1264046212525,31.142883356758,43.184268,-95.191472,4.99966273396078,43.21277778,-95.2391667,0
LTLSIOUX04,0.709983806951749,2,0.272877818226138,13,0,20,415.06,0.050000001,1,-21.9532553529765,-24.3215607615929,-21.5360750307729,-11.3070876525923,-2516.05522162714,-35.9378241357649,-26.6844917807273,-20.0767256494469,-23.0056623489548,43.327402,-95.201261,1.86374892237187,43.31663146,-95.1836083,0
LTLSIOUX05,0.717606715632062,32,0.199054778872804,61,1,15,423.64999,0.055,0,-35.8688674745009,-18.579675647902,-31.0043963346346,-34.248788590905,-40.0123370352579,-35.7622677098314,-47.2614033769199,-32.6690688754951,-32.9471327592863,43.459518,-95.230817,3.08184161328727,43.43555556,-95.25,0
LTLSOAP01,0.0211507745018697,81,0.0984675571007285,99,0,10,198.09,0.055,0.33,-129.464949098829,5.83343969104294,-166.128885322687,-33.6589137281609,-175.69890569304,-166.432203828997,-187.093107513203,-191.19192112443,-180.677893766642,40.900895,-92.333087,5.787455623779,40.8936302,-92.2649042,0.001
LTLTKY01,0.807214319053559,5,0.6744937649168,1,1,20,286.98001,0.050000001,0.25,26.9783794493606,27.0464390936816,56.7398550473433,30.2824325142759,33.0670921296858,33.0119008468335,33.0880394783926,27.0502954973482,26.7084109120021,43.0089,-91.8694,3.10077646990201,42.98442205,-91.8876648,0.001
LTLTKY02,0.553402663505554,6,0.434733161347628,7,1,10,341.79001,0.055,0.5,26.0313065595409,25.8529383710928,34.6490006892288,26.1714463614328,28.0179337550414,17.9690259250845,23.9227750882254,30.7155105383274,25.9994398967119,43.183643,-92.164472,12.4985040946543,43.22555556,-92.0213889,0.001
LTLWAPSI01,0.614769768505177,11,0.615561640407697,6,1,15,332.13,0.055,0,41.3655578989369,34.6744334826181,36.3726828670444,32.0537059372123,26.0552986204053,35.332971819631,-2349.67193211028,39.8363232410295,35.3788474987448,43.112665,-92.40527,5.25871497298131,43.0660852,-92.3940677,0
LTLWLNT01,0.177323373027609,1,0.297563807159031,0,1,7,271.39999,0.059999999,1,3.1073927575941,1.65934541541071,6.57971259374168,4.36710629728212,2.30381281472053,5.77946103254519,3.50195573842542,3.24173897812163,-0.25575361483654,41.633309,-93.833329,0.0301007220672584,41.63309958,-93.8335585,0
MADCRK01,0.113536652996508,2,0.119688655578069,1,0,7,175.21001,0.059999999,0,3.81166971978698,0.615727257146925,2.19519942490211,1.03275046611259,1.54237262182375,1.21197973371089,-3.36450873634146,1.73083425527171,1.33476956975758,41.451786,-91.038729,2.61468184821754,41.4283619,-91.0359827,0.006
MADCRK02,0.243666496364081,3,0.215699418940677,2,1,7,185.73,0.059999999,0.66,5.54614183955306,5.64500301483553,6.63032188545807,7.45660163633702,7.35499755313833,7.54710062549916,8.14554349456204,5.68396761388765,5.69683297315053,41.478706,-91.019951,5.75524153894437,41.4283619,-91.0359827,0.003
MAPLERV01,0.0504253212373517,4,0.498334727199889,0,0,20,368.81,0.050000001,0.75,11.952948210149,36.7134473096246,4.51584454011619,5.00704809729259,7.07189247823074,9.69721121939101,6.52400752051612,-6.33223223655723,12.7016432322956,42.351117,-95.479425,1.06432537260305,42.34693146,-95.4677776,0
MAPLERV02,0.0601979973353411,2,0.613532709123,0,0,15,384.20999,0.055,0.5,22.3868302251924,16.279998087534,18.6136454461364,8.55786945990734,14.0432614264577,18.9816557799718,22.3276163682993,20.1522791191962,20.384053975402,42.503756,-95.431959,11.7293437055589,42.5049825,-95.2888856,0
MCHKNCK01,0.257117729442302,9,0.252309659354061,7,1,10,219.32001,0.055,0.66,5.11845801764352,7.20255943731059,10.0071794364795,6.28625903913735,5.29207485356069,4.90229303993882,5.05764905509044,6.47595424558686,4.65067228585293,41.288281,-92.69654,5.13043773640342,41.266118,-92.6426929,0.001
MDCRK01,0.216213528126934,3,0.164008792637182,0,0,10,313.70001,0.055,0.25,4.83175762979683,6.77002295642951,9.03050279733449,1.55408089463842,1.30982424555595,1.7714102677754,1.91919450181252,5.00696663535471,3.73560751961027,41.0986,-95.517,7.8037629446944,41.0297194,-95.499165,0
MDDLRCCN01,0.047113538503632,9,0.0523224924587284,11,0,5,315.70999,0.059999999,0.75,-1.07216682052138,3.70154688755778,1.21644560764043,0.606414815896894,0.298006657309613,0.732181575752633,0.629748427409371,-0.534283689991444,-0.655039119585754,41.590149,-94.20324,0.0227852805565072,41.5902656,-94.2030147,0.021
MDDLRCCN02,0.758206415449343,0,0.303044951209529,0,0,15,341.34,0.055,0,-445.395652324744,-54.9792540287019,-186.447139191513,-758.366533726334,-436.572692109935,-1458.31253860003,-435.079759118081,-448.72077404945,-472.537846066135,41.875301,-94.669845,7.13986902258751,41.8922077,-94.5866421,0
MDDLRCCN03,0.551684510507012,0,0.341886056473247,5,1,15,365.85999,0.055,0.66,0.673486480092456,0.453925595475513,6.40786678078789,4.57061000897817,-1742.97009821557,-10.5601785019617,-204.960185539021,0.242642210395816,9.25608930698378,42.052492,-94.823041,0.00074956724438363,42.0524853,-94.82304,0.001
MNTGMRY02,0.0891784798876938,100,NaN,0,0,10,311.23999,0.055,0.3,NaN,NaN,NaN,NaN,NaN,NaN,NaN,NaN,NaN,42.129238,-93.795597,8.95513047206811,42.20942499,-93.7855002,0.003
MQKTARV01,0.811680991781342,5,0.828055986692257,0,1,20,243.75999,0.050000001,0.25,36.7492555895945,37.0371221562472,40.7955711150099,33.5631232988842,38.8766832696664,-76.6565002550901,43.2500043261333,36.8422988424747,34.9826998334039,42.260186,-91.192876,0.0485717145159019,42.2598333,-91.1925278,0
MQKTARV02,0.845857662748369,0,0.896139088492297,0,0,20,256.87,0.050000001,0.75,22.7228651860937,28.7888071267578,23.7136441032076,47.9311495767543,53.5674594365152,58.3691428588582,48.4730124803621,47.7282137958682,47.3111234969462,42.390771,-91.2909,0.0116367268860406,42.39066667,-91.2908889,0.001
MQKTARV03,0.919067747104109,0,0.983863972990299,0,1,20,277.35999,0.050000001,0.75,76.0617586879849,78.0439423470213,81.1541492652726,80.8578762592382,81.2871190670368,81.1034014800192,-29.4773750460881,77.3486878713074,80.8444569797689,42.469805,-91.44865,0.021007749064635,42.4699878,-91.4487147,0
MQKTARV04,-0.0827489286638621,0,0.513509906162309,0,0,5,302.73999,0.059999999,0.5,-14.0117394323798,-12.9503394573325,-43.0396178924868,-34.57070352048,-0.700611509890825,-325.378535213922,-0.745421134976865,-2.4859932178809,-8.23232363066415,42.577124,-91.54805,4.24224025674934,42.60220696,-91.5870964,0.004
MRGNCR01,0.328795102605991,6,0.231306911168847,2,1,7,220.97,0.059999999,1,22.1246042342754,22.190378373156,16.1597713492387,9.87220502380655,9.56755852881528,6.35187909526571,-4.67617165151042,15.4554516465854,16.9160008163753,41.9954,-91.7561,0.0200019011326808,41.9952212,-91.7561265,0.005
MSQUTOCR01,0.586582862968374,1,0.466818641070719,0,0,15,309.06,0.055,0.5,-206.563118035054,-18.0260363818936,-12.5956765542366,-117.581129331055,-180.157409510099,-3963.50869480385,-195.742974950219,-143.465347992864,-142.876699781018,41.288149,-95.793194,0.0145002108826739,41.28827778,-95.7931667,0.003
MSQUTOCR02,0.0558747013305391,10,0.146887805330167,14,0,7,332.57001,0.059999999,0.5,29.1599156348365,1.35507220295009,7.95209894084073,-65.0156985111515,-23.4140490355693,-22.8062660172906,-24.8924032717922,-52.8208013297292,-53.9263402765743,41.46685,-95.603946,2.69945496801013,41.4433261,-95.6119503,0
MUDCR01,0.54186599773119,6,0.0363381859937926,3,1,10,235.22,0.055,0.75,-114.2253816692,-113.253475204765,-108.166434568094,-112.02852261794,-96.2306928305682,-115.26603801306,-153.913419784123,-114.109894162913,-117.303291080715,42.1547,-92.0057,0.0200373712927256,42.1547177,-92.0054581,0
MUDCRK01,0.201710879859474,8,0.156572377305794,7,1,7,252.84,0.059999999,1,-1.68539844805369,-10.8717537481261,-16.9319135785295,-6.04685012633845,-2.50648361407584,-8.16847909111036,-7.92130919885012,-9.01617808685,-10.0149448826362,41.599717,-93.411843,9.63453093034721,41.6008505,-93.295985,0.004
NBEARCR01,0.103816086676068,18,NaN,0,0,10,246.39999,0.055,0,NaN,NaN,NaN,NaN,NaN,NaN,NaN,NaN,NaN,42.275414,-91.985833,4.14071825900181,42.30915827,-92.007123,0.003
NBRCRKD01,0.301301948222383,2,NaN,0,0,7,314.64001,0.059999999,0,NaN,NaN,NaN,NaN,NaN,NaN,NaN,NaN,NaN,42.263424,-93.815699,6.49876643499867,42.20942499,-93.7855002,0.001
NENGLSH01,0.674291193109351,2,0.719925732230303,0,1,15,213.34,0.055,1,19.461994456211,13.8166148807036,12.7885312855907,8.62591283522932,17.5438670409534,-63.4168820879886,17.2959438452297,19.327645811993,19.7076222483253,41.5268,-91.9894,0.144162046939005,41.52667657,-91.9876761,0
NFCTFSH01,0.371770090022956,0,0.455958520501114,0,0,10,209.25,0.055,0,1.82493469212086,4.99348514928854,6.37860323852338,2.68103130996687,3.63679353432962,3.49815443625376,2.9086042536946,2.89217023358584,2.9812244671532,42.486343,-90.703606,2.91757242281436,42.46778185,-90.6784612,0.005
NFMQKTA01,0.560672582774421,2,0.591372260847171,0,0,15,246.89,0.055,0.75,28.4347450504982,39.3517650233562,43.1479330120482,19.0792592020414,25.3006193285765,23.3818909396163,26.5901344451469,28.4135417030791,28.3356662789653,42.305968,-91.021465,2.58514484237147,42.32000324,-91.0465289,0.003
NONIONCR01,0.0216540660572664,87,NaN,0,0,7,314.25,0.059999999,0,NaN,NaN,NaN,NaN,NaN,NaN,NaN,NaN,NaN,42.066943,-93.756972,8.75195558586742,42.0349833,-93.8538376,0.003
NONIONCR02,0.358688124190355,1,NaN,0,0,5,343.09,0.059999999,0,NaN,NaN,NaN,NaN,NaN,NaN,NaN,NaN,NaN,42.080947,-93.796038,6.99229608336658,42.0349833,-93.8538376,0.008
NORTHRV01,0.035662576119916,85,0.516807999433836,0,0,20,232.82001,0.050000001,0,-1099.87156515018,-609.969062005087,-295.831122992229,-496.085215894301,-1090.00214990376,-1049.70795802344,-1587.06903535309,-636.373566097417,-1169.53987428584,41.50804,-93.484974,5.80496898107359,41.550823,-93.5249368,0
NRCCNRV01,0.980423711372193,0,0.87450405129808,0,1,20,274.32001,0.050000001,0,47.7461909617437,2.69927610022277,43.6537740188689,35.45144044631,34.8261050891818,40.0138904598038,40.9681115109035,43.1963105188429,47.7369508170313,41.742571,-94.055925,6.6279158531142,41.79079167,-94.1029017,0
NRCCNRV02,0.0696468959662471,1,-0.0149402706064431,49,0,5,285.04001,0.059999999,0,2.09501508454176,8.50926181334126,-7.51256674812217,-55.5803691771268,-47.9422231981782,-53.396500874504,-78.7818809855238,-26.5362159121232,-75.9927462568632,41.853271,-94.220369,5.81714788439624,41.858596,-94.290242,0
NRCCNRV03,0.750524495796074,0,0.653886168968152,0,0,15,368.73001,0.055,0.5,16.5879914935727,2.70084629312767,12.2679929201936,1.62132210858198,13.2905910173994,20.8150776709949,-15.4865030857835,18.7897830891528,19.6491353265455,42.457564,-95.012886,1.46350658914093,42.46666667,-95,0.001
NSKNK01,0.0603890850792308,12,0.0298107712279567,32,0,5,256.35999,0.059999999,0.5,-0.844028679977216,0.112827961255768,-1.25062523901787,0.180662129795139,1.01550827988792,0.844931848660591,0.403942812753555,-2.18511862455297,0.966038836441152,41.687869,-92.859233,0.0519587064093525,41.68832655,-92.85936,0.01
NWLNTCR01,0.389667627600738,3,0.440106760100359,0,0,7,255.53,0.059999999,0,-1.92264133533713,-1.95041994864973,-0.0211790454453409,4.19482306704456,5.45245657708536,-15.4078109903729,-0.90298083368594,-1.93351203945318,7.27977600156023,41.6092,-93.721,1.16309965034956,41.6002668,-93.7282772,0.004
NWLNTCR02,0.393378836827557,3,0.353713386850712,0,1,7,255.85001,0.059999999,1,12.0297741391739,11.8399996966377,12.0217518135151,21.7229891680361,19.9809889803685,20.2993095004633,20.5731705253698,11.9134041385054,19.9682736621605,41.614686,-93.72652,1.6099842947105,41.6002668,-93.7282772,0.001
OCHYDNRV01,0.0706763740545101,29,0.145030726635388,56,0,7,416.35999,0.059999999,0.6,-758.893074460014,-257.489478324087,-149.604595911023,-0.189054319127702,-140.431314935064,-580.777018285672,-296.492842492983,-892.265785038895,-806.14668179831,43.183955,-95.374806,6.42296655410804,43.23330238,-95.3336138,0.004
OTTERCR01,0.341267036441488,15,0.314018777966561,3,0,10,227.97,0.055,1,33.9417083089087,32.5804357956556,32.650826613294,9.17075177014221,21.828476497962,18.101331069999,25.9913871662086,32.9185156163169,33.0409317622099,42.0714,-91.7257,0.00329870174643568,42.07138568,-91.725735,0.001
OTTRCRK01,0.599173935180044,2,0.643625341952017,1,1,10,243.55,0.055,0.6,17.7234207537376,19.1010965371225,24.4563872407235,24.5408554256138,-75.4041878289946,-9.13025101579741,-286.19644341539,31.6157525098517,13.8391927407895,42.9564,-91.6266,0.222389855777987,42.95775896,-91.624595,0
OTTRCRK02,0.606530544413946,5,0.565605087949665,3,1,10,271.73999,0.055,0.75,24.0205445406366,23.9811322214915,40.7571649021732,28.0463241418056,39.0952073177747,38.9224612848653,35.4182210638078,28.3983355477938,27.524788722028,42.928604,-91.696963,5.13093886255137,42.95241667,-91.6429722,0.005
OTTRCRK03,0.555885492657986,6,0.552160454291271,2,1,10,298.29001,0.055,1,18.613353253956,12.19040968584,33.4093169495524,-53.839323107212,16.7485295332644,35.7555902959892,36.2771843609172,18.9385973252969,18.1270204680312,42.950064,-91.753865,9.02905869730388,42.95241667,-91.6429722,0.004
OTTRCRK04,0.535971914394725,5,0.554501685437768,4,1,10,331.48001,0.055,0.33,-26.0345660259276,-26.0644242229951,-6.16753434409254,-14.637708553374,26.7726432486219,22.3800337047281,-29.2769228024295,-25.94453966438,-24.7484148887289,42.947141,-91.794949,6.22713291089582,42.96666667,-91.8666667,0.004
PRAIRIE01,0.0333997628659525,4,NaN,0,0,10,291.57999,0.055,0.5,NaN,NaN,NaN,NaN,NaN,NaN,NaN,NaN,NaN,42.121699,-93.755448,10.0642292892124,42.20942499,-93.7855002,0.002
PRAIRIECRK01,0.736218710439992,4,0.184790400284985,18,1,15,226.66,0.055,0.75,10.4696183718145,2.33590393411834,9.21266675916856,3.96908211941112,5.15909959146034,3.95952531641652,5.6646243237079,10.5364116360025,9.42335419026804,41.923208,-91.783714,0.0558919632584011,41.9227803,-91.7840689,0.001
PRICECR01,0.0828328991811092,3,NaN,0,0,10,219.53999,0.055,0,NaN,NaN,NaN,NaN,NaN,NaN,NaN,NaN,NaN,41.8051,-91.873,0.0219586730362248,41.80500685,-91.8732336,0.002
PRICECR02,0.292055025518161,4,0.0477738750749754,31,1,7,235.50999,0.059999999,1,7.80284426344057,8.36709924310062,9.16969278850294,-2.33152865158339,-0.358875105037693,-0.193711086120185,-0.74325544717968,0.00603297011863013,0.0287585201495744,41.845468,-91.947936,5.52416679773039,41.8930585,-91.9287912,0.003
RAPIDCR01,0.320705059198404,5,0.239686332526329,6,1,15,222.35001,0.055,1,27.9287480967063,28.4271530377239,29.5762610640622,15.0691385651948,27.6459325862995,27.4473509309929,27.7453074974469,27.6342412321862,27.9222532833456,41.721736,-91.42633,0.830912853517834,41.72916667,-91.4273889,0.002
RAPIDTRB01,0.317916128268326,3,0.305447889550989,2,0,10,229.85001,0.055,1,53.9025493871917,53.9245421918102,54.2686715298613,37.885119327457,41.6373625392141,49.6932060184709,57.8883109418955,53.9062860523242,55.7840802561823,41.74834,-91.433825,2.19784017872107,41.72916667,-91.4273889,0.002
RAVENCR01,0.692577251836703,5,0.188125709718783,7,0,10,255.67999,0.055,0,-10.7741765530362,-11.0768065560671,-13.7392768506002,-16.8555292450467,-15.5861828442656,-20.7551391438549,-19.0513150560392,-17.078305546667,-17.6454167453991,41.9646,-92.6702,0.0250563884882263,41.9646611,-92.6704917,0.002
RBRTSCR01,0.622885977722178,10,0.510054652131814,14,1,20,228.98,0.050000001,0.6,5.67535296739715,5.45021909213913,8.60463724872403,23.0475229498633,2.41627095039392,22.5228311583659,23.0473982818274,1.04504208359185,7.4674940198954,42.8741,-91.3827,2.75554716825415,42.85470727,-91.4037491,0.003
RCCNRV01,0.991335091558599,0,0.993562122570162,0,1,30,259.22,0.050000001,0,83.9184537621648,82.7111859567452,86.763542534839,61.1402254811636,85.7880403403225,84.6336133279187,79.3417588254913,86.3525903333264,86.9882076112224,41.534407,-93.95032,0.0663949594739553,41.5338779,-93.9499503,0
RHNCR01,-0.0815409516613557,4,NaN,0,0,7,228.32001,0.059999999,0,NaN,NaN,NaN,NaN,NaN,NaN,NaN,NaN,NaN,41.722496,-91.790559,1.31834067146537,41.7139004,-91.7796189,0.004
RLSTNCR01,0.602416971661467,1,0.664373159460647,0,1,7,202.88,0.059999999,1,29.3134046636533,23.2719564224778,26.3623835224984,28.3003817634197,-47.0083114447543,-74.0967251630193,-88.8259071740377,29.4946666602523,16.6236278591669,41.661684,-91.522698,0.628134033378943,41.6586278,-91.529057,0.004
ROCKCR01,0.879630401321012,14,0.837908892626378,0,1,20,313.89999,0.050000001,0.25,27.9036805324939,26.4131029092325,27.9382384790277,13.0415062097683,-10.0136047873644,25.4989325429844,27.3120694719213,25.0165041773034,25.7444542640463,43.210351,-92.810228,0.071411012143188,43.20990835,-92.8095896,0.001
ROCKCR02,0.442957261498965,11,0.663665228912277,5,1,10,344.35999,0.055,0,40.5333288930676,39.168552696912,39.5003548182975,31.9141831575195,18.3933258952476,38.3048011825457,28.4405495101397,39.4049432170446,39.4632480178919,43.284056,-92.926655,5.33391229173181,43.3174694,-92.8793627,0.001
ROGERSCR01,0.592971509879002,5,-0.00658544796740658,100,0,10,310.60001,0.055,0,35.8126918003756,35.1731487993284,56.0366732446428,2.82144339606557,6.55260791286697,18.8527564666533,27.3582336571647,25.9759500771629,26.1978651030662,43.141718,-91.932728,7.42839246256159,43.20727778,-91.9503333,0.004
SBRCRKD01,-0.634907897229205,100,NaN,0,0,5,319.45001,0.059999999,0,NaN,NaN,NaN,NaN,NaN,NaN,NaN,NaN,NaN,42.246787,-93.796032,4.24400158227898,42.20942499,-93.7855002,0.001
SBVRCRK01,0.237087574125553,7,-0.0455255104204673,29,1,7,333.45999,0.059999999,0.75,29.4069391455476,55.3372803769435,3.19643441255369,2.14011542258902,2.49403268396637,2.49985439545778,3.56167311607198,-4.67013410759152,-4.92789642608737,42.4125,-93.2611,4.7585996891395,42.36970518,-93.2613152,0.002
SCHQSTCR01,0.0507161743313921,56,0.014742534997358,38,0,15,200.41,0.055,0.5,-3.95283296876521,12.5467706540329,8.73817910653034,-2.28962900313696,-0.146374430478713,0.631116154451195,-0.192874183002445,4.69588166408194,4.64256528686997,40.78279,-92.197807,1.31843860792897,40.7880783,-92.183791,0
SENGLSH01,0.702733922796857,0,0.557366963825799,0,1,15,210.28,0.055,1,17.505939978691,17.3844920642206,25.6514145454438,15.5208970502884,19.5092080546771,17.3832452486979,15.5300055849141,17.7388836198886,18.3639862737128,41.4938,-91.9439,0.199877568640272,41.49556689,-91.9443413,0
SFIOWA01,0.504374945699463,2,0.35430714124388,0,0,10,330.67999,0.055,1,-102.522640716117,-118.577398038714,-87.4765939503285,-56.4226388573931,-52.3683293659825,-76.9478873694625,-106.64311154855,-83.4576763912575,-82.3931783790465,42.4362,-93.3471,0.0289609075451843,42.43616667,-93.34675,0
SFIOWA02,0.626775659420346,100,NaN,0,0,10,335.26001,0.055,0,NaN,NaN,NaN,NaN,NaN,NaN,NaN,NaN,NaN,42.4527,-93.3846,1.78695962497631,42.44544444,-93.3651667,0.001
SFIOWA03,0.803309133369885,10,0.421941797120105,8,1,10,344.76001,0.055,0.2,-80.3662885526384,-69.9841759177029,-79.3058117934047,-55.5197468915574,-91.1194885311571,-203.030074838939,-105.715803032508,-86.7383837447533,-86.5945848399849,42.5139,-93.4697,5.49201795384658,42.4666468,-93.4502077,0
SHLRK01,0.261665188109937,32,0.685562683763496,24,1,10,280.39999,0.055,0.25,-100.196920589145,-98.3255758487482,-97.8969619590462,0.491153550291146,48.0078037305746,-29.6535405472401,49.8860204965328,-63.124074729428,-71.0669144198345,42.788201,-92.688598,0.240104546399546,42.79025526,-92.6876914,0
SHLRK02,0.948937930108273,0,0.930292975008678,0,1,20,283.48999,0.050000001,0,51.1031517184749,43.2519236668954,49.2360593685536,11.6982501023917,55.477828293531,57.8792402972721,-6698.73311623421,50.1158406577507,50.3212602960186,42.840339,-92.73205,5.43797677267861,42.8833082,-92.7001911,0
SHLRK03,0.903655328311085,4,0.955353898971038,0,1,20,288.73999,0.050000001,0,52.6856651723125,42.3916038658909,50.7649706745716,23.9165309084764,56.9470172903601,-295.611819699943,26.6645578212442,52.9823930056076,53.2070001401857,42.936283,-92.851475,3.59254651277594,42.96524895,-92.8710277,0
SHLRK04,0.594932992270467,11,0.898305342377914,0,1,15,319.98999,0.055,0.5,35.632794582319,35.375463350313,41.2767354799117,39.71362076015,39.0526928372966,42.0475912175494,14.2201386681009,35.5852289412464,35.7044297601959,43.166203,-93.038048,3.55921173548603,43.14163536,-93.0099225,0
SHLRK05,0.605877656837317,13,0.872707813898376,1,1,15,344.57999,0.055,0.5,37.9186143685201,37.7468085508829,41.9155153393396,42.1157978100754,44.5913021577977,45.6800502524949,-1.61136038958214,39.2361876034508,39.3419595767176,43.284205,-93.123806,10.5722256729948,43.21329319,-93.2107594,0
SLOUGHCR01,0.423037839453986,3,0.337932585941061,1,1,7,334.60999,0.059999999,0,35.4843661100557,35.5738715492088,35.7862438707042,-9.37537209300654,35.8363104056866,35.7818924151659,35.6023676787701,33.9185841872313,35.3651843899533,43.206325,-92.732549,3.7584603074921,43.19858365,-92.6874119,0.002
SLVRCR01,0.0462251885396332,0,0.233438611684644,0,0,15,308.59,0.055,0.4,-70.3013560221818,-2.24735740067767,-281.227145047378,2.33655772872293,-13.1789036568675,-21.0310141201985,-14.1390304394533,-13.3905720592754,-77.1396880799389,41.11745,-95.630947,7.21128083184297,41.17805239,-95.6002818,0
SOAPCR01,0.207788966572299,1,0.1258769836124,0,0,20,196.35001,0.050000001,1,8.76017844758459,2.30291762229106,4.30557570758645,0.630031787673546,0.404354966651721,0.357484971949762,0.502595943662887,0.068902885020905,0.239068735044834,40.879966,-92.332873,5.91228578844298,40.8936302,-92.2649042,0.002
SOAPCR02,0.110433537942335,76,NaN,0,0,20,219.48,0.050000001,1,NaN,NaN,NaN,NaN,NaN,NaN,NaN,NaN,NaN,40.84952,-92.538281,5.20750365253794,40.85001639,-92.6001899,0.001
SOAPCR03,0.17441625482064,4,0.257607288254566,3,0,15,237.53999,0.055,0,-553.141878037713,-110.098109346415,-337.082530385704,-264.814893271266,-3011.15178235285,-306.498701885163,-822.697017654972,-301.959295736397,-305.657550231766,40.888095,-92.680712,7.98573071289457,40.85001639,-92.6001899,0
SONIONCR01,0.06399895081753,100,NaN,0,0,7,326.07999,0.059999999,0,NaN,NaN,NaN,NaN,NaN,NaN,NaN,NaN,NaN,42.055509,-93.776217,6.80376701652847,42.0349833,-93.8538376,0.003
SONIONTR01,0.0320296995673318,0,NaN,0,0,5,332.07999,0.059999999,0,NaN,NaN,NaN,NaN,NaN,NaN,NaN,NaN,NaN,42.040508,-93.776433,6.42190130265807,42.0349833,-93.8538376,0.004
SPRINGCR01,0.257515712851197,4,0.255550991784015,3,1,10,239.69,0.055,1,3.08583463691823,-48.2607941649995,4.03722676582734,4.09616771131066,-2.78190811486172,1.26892974290078,0.546182584191368,16.7601603079469,3.3083232065366,41.551038,-93.446148,6.53324692873997,41.5511008,-93.524659,0.001
SPRNGCRK01,0.221281192562941,5,0.476560337560234,5,1,5,343.73999,0.059999999,1,25.7075771814642,27.6884357958844,29.9503109593789,22.369405007684,23.207319257037,37.8961506900596,15.3342687754482,28.4242995469631,29.0440738669465,43.284179,-92.769861,4.80887194299437,43.2537222,-92.8120278,0.002
SQWCR01,0.957207612705782,0,0.988481208552616,0,1,15,268.20999,0.055,1,67.8132143121887,69.3928344658249,73.6945770690837,66.5078897559132,-717.92770425797,72.781597156513,-279.109170271232,72.7414435394606,71.7203113048068,42.013553,-93.610153,0.028733036767849,42.01359747,-93.6104956,0
SQWCR02,0.714231926984182,0,0.182316315196515,17,0,15,274.29999,0.055,0,22.3210384676535,26.0574096130877,47.1726794912087,10.5906019627579,-7.99055710717265,5.31979510260198,7.56640393163671,10.8807686072225,11.1471368545054,42.036626,-93.645004,1.9280900380208,42.02304157,-93.6304962,0.001
SQWCR03,0.447418352084025,12,0.0926665014451156,29,0,15,284.31,0.055,0.66,31.4009182724683,31.6729137091018,52.0654565017018,3.40953972237228,-34.8957973186697,13.4943954133935,13.0270912860599,31.1686171217041,12.2544611539967,42.123027,-93.715057,8.36470401291551,42.15026194,-93.6204947,0.001
SQWCR04,0.533309736678644,10,0.0222172282984782,28,0,10,298.72,0.055,0.5,19.4455158871242,24.2410229018651,28.7319767430632,11.8021755292036,-29.7229880797397,11.0577374041409,-148.498104550059,22.3204283020359,-0.448011402884974,42.180817,-93.757788,3.91547531475255,42.20942499,-93.7855002,0.001
SQWCR05,-0.301378674545611,100,NaN,0,0,10,310.66,0.055,0,NaN,NaN,NaN,NaN,NaN,NaN,NaN,NaN,NaN,42.227029,-93.815652,3.16180315223773,42.20942499,-93.7855002,0.002
SQWCR07,0.0242996021726166,0,NaN,0,0,7,328.39999,0.059999999,0,NaN,NaN,NaN,NaN,NaN,NaN,NaN,NaN,NaN,42.267459,-93.892888,8.73219770153542,42.2519203,-93.9968975,0.001
SRCCNRV01,0.348611155003656,0,0.0378346431953984,0,0,20,281.81,0.050000001,0.5,-0.021372164927036,5.11206563995993,0.0422664487885416,-11.5122714445718,-324.81616761497,-15.0686876132831,-11.1391037980506,-7.26761130016409,-10.4760009220034,41.564102,-94.233173,3.84145989128876,41.5902656,-94.2030147,0
SSKNK01,0.969002343700765,0,0.959926038766414,0,0,30,228.63,0.050000001,0,25.4011708765753,60.9756500441095,70.0312809798807,-36.5953124689958,68.5109883751992,67.3455688558385,68.4575388702372,63.894794926252,68.5945591207872,41.574715,-93.037189,0.0724570461372111,41.57443699,-93.03797679,0
SSKNK02,0.981001761801716,0,0.981711815610745,0,1,20,237.86,0.050000001,0,81.1144481271815,80.9400162266038,71.10387243302,77.1624949465653,78.1651756079181,77.6535569158804,78.2359355986711,77.5903835069338,81.0667467761453,41.681462,-93.246483,0.0131490160392394,41.6813776,-93.2465939,0
SSKNK03,0.919599932797242,0,0.990857350193117,0,1,15,271.10999,0.055,0,83.2063711362925,46.5100000244547,77.9713618349147,67.2668338187735,-1337.3206376076,-416.538803385019,83.7182465811382,85.3554273252302,86.4350161028403,42.034248,-93.593944,1.28874488485366,42.02276415,-93.5960505,0.001
SSKNK04,0.595843220066766,9,0.0559135143691056,15,1,15,298.37,0.055,0,11.7622627894682,6.1233467684455,20.4594084052629,-6.76544060758451,-3.6014001625454,-7.66112291388359,-0.222809452538519,-0.75881729676468,-0.556300946341759,42.2171,-93.583,2.37019706632282,42.23831675,-93.5857704,0.001
SUGARCR01,0.366964120398942,3,0.178122598536032,7,1,7,192.67,0.059999999,1,9.09860573445694,3.59025884303235,4.01166807247122,2.57326488070752,7.798156409018,6.1322483290012,6.07931471997578,5.06686247802569,5.05439565197474,40.784478,-91.571362,6.19874356563532,40.72888889,-91.5658333,0.002
TALYNNS01,0.372898214815009,0,NaN,0,0,10,298.72,0.055,0,NaN,NaN,NaN,NaN,NaN,NaN,NaN,NaN,NaN,42.18582,-93.757049,3.51885757817366,42.20942499,-93.7855002,0
TIPTNCR01,0.0583327119829563,19,-0.00443455136374918,24,0,5,334.67001,0.059999999,0.75,61.4159937093632,58.8170749164022,67.939119835353,23.0524245637406,0.735390193988594,30.1571539349386,12.1380597121943,63.9211832750395,30.4102596826016,42.314,-93.232,0.0179443348234472,42.3138611,-93.2318889,0.006
TIPTNCR02,0.303201244518569,16,0.0485803324468334,21,0,10,332.51001,0.055,0,10.2855744986601,6.09234662154683,7.23183042883059,-17.884844654593,0.356931591975829,7.55352275689679,-23.9000977088183,-5.46999583990415,-12.415040785185,42.3683,-93.339,4.01541854634814,42.3394278,-93.30965,0.001
TKYRV01,0.855518988256741,0,0.946017051237151,0,0,20,232.12,0.050000001,0.5,42.8832555857642,3.72416954711251,48.9424123352585,61.7795872336798,70.7464829046864,71.3594865385755,70.7273349439514,57.4747666752805,56.9050409926225,42.924405,-91.526782,3.90567850664476,42.91276148,-91.4815306,0
TKYRV02,0.894811198986372,0,-0.683908814391165,100,0,20,253.73,0.050000001,0,-36.680195274629,-15.6336246396742,-18.365268120154,6.33051242332245,-19.0817728562045,-479.300653110332,-36.2713193334417,-36.805965464581,-36.8032956581805,42.9977,-91.6579,5.17966517273777,42.95241667,-91.6429722,0.006
TKYRV03,0.6831881976689,17,0.659875542118119,7,0,15,344.31,0.055,0.5,34.1910843784143,33.5354754813741,48.2563077918416,22.5251978289438,5.04344443753789,33.4909650576146,29.2190604275198,38.881463343801,33.2468042298061,43.327275,-92.080278,3.37829859877882,43.336913,-92.1198889,0.003
TRBLSM01,0.0549761050435494,0,0.185331873095765,0,0,15,362.85001,0.055,0,0.930737224702038,4.86659530969078,4.3122135016073,1.03278521403278,0.977231110430399,1.89445107121602,1.45248479268218,3.89321766748679,3.52084438135588,41.4611,-94.8872,5.66780588283207,41.5044323,-94.8513717,0.004
UIWARV01,0.954427871096966,5,0.982993239103072,0,1,15,271.70001,0.055,0.5,80.3326906538749,73.3250995509364,79.1782560869797,54.3665123310665,80.919877561045,81.7993391313777,80.9369208025527,82.5518621216333,80.4431415359967,43.34,-91.8339,4.98704255827644,43.3048888,-91.7955429,0.001
VLGARV01,0.698969762148391,16,0.727398531819434,0,1,20,237.74001,0.050000001,0.5,-25.9404997201678,12.231594078544,2.13306621970836,41.0780936846323,39.2915732719022,-49.3633323912862,36.599659520395,-26.0782117433355,-26.3680193276173,42.8015,-91.5372,11.3859198362172,42.8385962,-91.4070825,0
VLGARV02,0.772379997337084,16,0.64256495319719,4,0,15,261.38,0.055,0.5,-23.1100459971654,-19.6414363917762,29.7150114026676,-20.5652512054416,28.2424769065894,-74.2045116244341,34.8205074055059,-23.1447510271475,-21.3826573567702,42.837939,-91.656859,12.7795030040196,42.95241667,-91.6429722,0.002
VLGARV03,0.487510772450223,13,0.570961511044389,6,1,7,332.20001,0.059999999,1,-54.7555455228987,-53.8318310207023,-54.2041526863752,23.4429038664138,-68.4659230308147,40.3928344594529,37.4476910261291,-40.3499672127651,-43.8415737549858,42.847289,-91.947762,6.17884113622446,42.81720355,-91.884056,0
WALNUTCR01,0.372025892848842,7,0.418881411496071,7,1,10,232.16,0.055,1,22.4398113890281,25.3253218466208,29.0967071294001,2.71836560276348,16.7151762695766,16.7898309669915,12.1560763812701,24.6135441660953,28.7797637810815,41.501097,-93.251632,2.5702879598178,41.4894,-93.27825,0
WAPSI02,0.153464770418545,100,-0.0370699826175125,27,0,5,202.73,0.059999999,0.5,15.1622682285943,20.1373058793581,14.463732203243,0.920555228699438,0.760107836609902,0.843377243455956,1.79812382543636,16.0781463057132,-1.11591433772018,41.829532,-90.811487,2.42719059901517,41.8261351,-90.8404238,0
WAPSI03,0.0936322214664153,95,0.114711095733921,0,0,7,247.50999,0.059999999,0,40.284979058102,32.3371546595543,30.6134518946712,-1.03934438347082,0.0857089907955522,3.72600050449741,4.17883955826872,43.9119749880611,25.9135831706402,42.203647,-91.527265,0.271649391819902,42.20554946,-91.529334,0
WBFLOYDRV01,0.569185457610254,19,0.669146645448875,9,1,15,381.12,0.055,0.7,-2797.14584475117,-479.925578067618,-2538.22812999201,-2592.26301945615,-2607.61466001764,-2592.1810664093,-2666.28062579871,-2803.173020965,-2637.66988315001,42.923777,-96.177476,0.0429796893812199,42.92387695,-96.1769661,0.001
WFKLTSIOUX01,0.247180589702465,32,0.142587959929126,12,1,15,426.45001,0.055,0.5,-3.87060766099012,42.920682606643,1.37831363683925,-26.3813125641248,-11.7208655082734,-0.744211011035634,-16.9981897681908,13.1947215986411,-10.3517140476737,43.419586,-95.269068,0.370669533504337,43.41663125,-95.2669433,0.001
WFLTLSIOUX01,0.247582136042791,11,0.279951090134551,100,0,20,347.25,0.050000001,0.5,10.8366307539232,21.6376817620277,21.7826790388334,11.4854603881036,12.7364214346333,13.2372282850546,12.3474436903829,18.3279927243083,14.5583421868099,42.492951,-96.075634,1.21973430306989,42.49110326,-96.0902977,0
WLFCR01,0.87917342734199,0,-0.641113175950062,100,0,20,246.11,0.050000001,0.5,3.36342602478783,9.55576715438302,83.9544193889498,-13.5646017595236,-12.498165564283,-12.9725752845896,-6.65814438039534,-11.5509522128637,8.66326076775709,42.315598,-92.193895,0.0265026940360824,42.31582439,-92.1937942,0
WLLWCR01,0.5921808739339,15,-0.439857747924492,100,1,10,338.38,0.055,0,-16.5695253144235,-3.16968489930991,-14.3542618013988,-5.63735443769413,-5.63109204192502,2.40794365108431,0.667185449820962,-9.53869292622178,-16.1635826121394,43.150827,-93.20693,0.534965237076908,43.1527391,-93.2129814,0.003
WLLWCR02,0.574476489965713,14,0.777101460356368,0,1,10,339.51999,0.055,0,34.6120192228042,34.6186222584463,37.7185725693715,-4.27681272740943,23.5831913730399,14.8871614382251,-120.779562347909,29.8477609620249,29.7651908609637,43.155786,-93.220835,0.721557254475909,43.1527391,-93.2129814,0
WLNTCR01,-0.024022554685772,1,0.422962793389396,0,0,10,265.03,0.055,1,4.27986881576372,-2.46464366889447,14.6909154452054,-2.84362364753454,-2.7432027116177,-8.39444534003719,-2.89992467610931,-12.8839958394347,-37.0904147233536,41.6128,-93.7927,2.57179783555165,41.62912745,-93.8146134,0.001
WLNTCRK01,0.622788022845903,8,0.573737039152668,6,1,15,228.58,0.055,0.75,42.7563676434049,7.57204336760721,30.6289233576519,38.8236833867835,27.5190221496402,35.7205095653091,35.5871839961265,40.4813774124894,40.4245610393125,41.984475,-91.17496,2.99555956768334,41.9958453,-91.1421012,0.001
WNBGORV01,0.18935610881812,20,-0.341248571075527,100,1,7,321.39001,0.059999999,0,-25.0415633535888,-25.4576696794231,-25.8046660368488,-27.5182895894906,-7.65611864111568,-43.2285847740877,-42.4071305812495,-30.673390882451,-41.6391885041787,43.121176,-93.1227,4.37662276375213,43.1480188,-93.1621472,0.007
WNBGORV02,0.966449424364325,1,0.650677150737876,0,0,15,326.14999,0.055,0,9.22287293019294,9.26507730480661,9.16275566929656,8.8827958722969,12.3472431956183,9.10448927208725,15.2368761428537,9.15146068364178,9.17489683937099,43.153329,-93.171056,0.933252797791037,43.1480188,-93.1621472,0.001
WNBGORV03,0.63730650306014,10,0.73710435356302,10,1,5,356.32001,0.059999999,0,-62.7385703359988,4.16691395002279,-30.7516621621044,-1.80052366298429,-18.9544389092785,-395.607982235101,-15.9500216504212,-118.167792843268,-13.9089372233552,43.220065,-93.299808,7.25527362205404,43.21329319,-93.2107594,0.007
WNBGORV04,0.892623038909196,4,0.845263874936961,0,1,15,356.12,0.055,0.25,-25.6177735766991,-16.5622334228094,-23.1546127318439,-25.2929514034562,-26.4740830296081,-18.078819964715,-20.8340656682006,-12.3315908247425,-12.2247487625745,43.263058,-93.418067,1.75613970000836,43.2566225,-93.3982625,0.002
WNBGORV05,0.804374058355453,15,-0.189752844579469,100,1,15,364.89999,0.055,0.25,-357.780814667085,-308.34147804728,-366.357881712967,-136.890676548224,-299.612723036318,-321.076548273379,-441.145667855502,-313.996993673753,-313.803343330655,43.241974,-93.624887,6.74978173775419,43.29912239,-93.6529937,0
WNBGORV06,0.157935567728659,46,0.074652685884952,65,1,5,369.69,0.059999999,0.25,-372.369051650656,-391.563264229701,-380.690978421437,-26.28523188314,-190.956673455635,-495.188595159873,-524.543902602712,-365.971187956097,-452.374830182519,43.342286,-93.630953,5.12006873294504,43.29912239,-93.6529937,0.003
WNISH01,-0.341222885077273,0,0.753852953818165,0,0,20,312.16,0.050000001,0.25,4.77591701121578,0.603168702648871,1.22927802132927,-35.9258128907573,-37.1307261905725,-45.108526313107,-45.5054901774458,-7.21911512531743,-32.1024793898347,41.146319,-95.441864,4.75493794151718,41.15999426,-95.3880538,0.001
WNISH02,0.397377424362896,8,0.546679348289497,1,0,20,359.76999,0.050000001,0.6,-105.096473704556,26.3561235646404,-242.316717029131,-608.773371165742,-601.814677529139,-720.121362951508,-707.688144257459,-583.691061374042,-781.758328202946,41.645388,-95.312665,0.0549287023406989,41.64498849,-95.3130538,0
WNISH03,0.454165042681501,0,0.33144361505301,0,0,15,383.53,0.055,0.6,-83.1610755122016,-104.055863980405,-111.829890095004,-475.24878511675,-461.909553181084,-432.215313456759,-457.958998501669,-429.298477783871,-499.01520671079,41.791686,-95.199,9.72957008863359,41.87137626,-95.2474962,0.004
WORRELL01,0.0675910406321194,1,NaN,0,0,5,314.78,0.059999999,0,NaN,NaN,NaN,NaN,NaN,NaN,NaN,NaN,NaN,42.002963,-93.717909,4.27879949974392,41.97575,-93.6813056,0.003
YELLOWRV01,0.679128422799634,4,0.362370631962555,4,1,15,299.04001,0.055,0.25,25.0472000494083,25.0833909759262,31.3117038134646,15.4810544657595,17.2860657389511,18.6790036473093,24.6161528426094,25.0500440400623,23.8383598741233,43.139539,-91.587033,1.34418359499546,43.1413117,-91.5706452,0.004
